50
3
1 2 3
2 3 5
3 5 6
2 3 4
1 2 3
4
5 6 9 11
15 18 19 21
11 14 16 21
6 11 13 14
5 6 11 15
11 13 15 16
6 11 13 18
2
6 8
2 4
2 6
10
24 29 33 35 45 49 53 57 59 65
9 10 13 15 17 25 26 30 31 33
16 20 24 25 26 29 35 39 42 45
6 9 10 15 20 24 28 29 33 36
20 25 30 32 39 43 46 50 54 57
22 26 31 34 42 45 48 51 56 61
10 12 13 18 24 26 30 31 35 37
25 33 35 39 43 46 47 54 56 59
13 15 18 21 22 28 31 32 34 35
22 29 31 37 38 42 46 50 51 57
14 16 17 22 26 29 37 38 43 47
2 6 9 13 16 18 21 22 25 29
18 21 25 28 29 30 40 42 46 50
2 6 10 13 14 18 19 20 22 24
21 28 30 33 37 40 41 46 48 53
18 24 26 27 29 30 37 43 45 49
13 14 15 21 25 27 33 37 39 43
6 9 12 14 16 21 23 25 26 29
29 36 37 43 47 50 53 57 61 65
5
6 9 10 11 13
5 7 10 11 14
4 6 8 10 13
4 7 8 10 11
7 11 13 14 16
1 3 4 6 7
1 3 4 5 7
3 5 7 9 11
7 9 11 13 16
4
1 2 3 4
5 6 7 8
13 14 15 16
9 10 11 12
1 5 9 13
2 6 10 14
4 8 12 16
2
2 6
4 8
6 8
4
2 4 5 9
1 2 3 8
2 4 5 10
3 5 6 11
8 9 11 13
3 5 6 12
7 10 12 13
4
2 3 4 5
4 5 6 7
3 4 5 6
1 2 3 4
4 5 6 7
2 3 4 5
3 4 5 6
10
15 27 31 32 37 39 43 44 45 46
1 4 6 10 12 14 15 16 17 21
10 11 19 24 27 30 32 36 42 43
19 20 26 32 35 36 43 45 50 55
12 16 20 26 28 34 37 40 44 48
5 9 13 17 21 24 27 29 32 34
9 10 16 21 25 27 31 35 38 40
15 17 23 29 33 35 39 42 46 51
17 32 38 42 44 46 50 51 55 59
22 24 29 36 37 40 44 48 51 56
1 5 9 10 12 15 19 22 24 26
12 21 25 27 28 33 35 37 38 41
24 26 31 37 38 42 45 49 55 57
4 9 10 11 16 17 20 24 26 27
14 24 27 30 34 35 36 40 42 45
6 13 16 19 20 23 26 29 31 34
16 29 35 36 40 42 45 48 49 53
10 17 21 24 26 29 32 36 37 39
21 34 40 43 48 51 55 56 57 61
4
1 4 7 9
1 4 5 6
9 11 14 15
5 10 11 14
6 11 12 15
4 7 10 11
7 10 11 12
4
7 9 13 15
6 7 10 13
3 4 6 8
6 8 13 15
2 3 6 7
5 6 10 13
3 4 7 9
3
3 4 5
1 2 3
2 3 4
1 2 3
3 4 5
9
1 4 5 9 10 11 13 16 19
5 9 15 18 23 26 28 31 34
6 13 19 20 26 30 31 34 37
16 29 31 34 39 45 49 53 57
21 26 38 42 43 46 50 57 61
11 23 26 30 32 38 40 43 46
2 8 11 15 19 23 26 29 33
9 15 18 20 24 31 34 39 42
16 21 31 34 36 40 46 49 52
4 8 9 13 14 18 21 24 26
10 19 23 26 28 34 36 42 43
13 18 27 31 34 38 42 45 48
1 2 5 6 9 13 16 17 21
19 33 34 37 40 48 52 57 61
17 24 35 39 42 43 48 53 57
5 11 15 19 23 27 31 35 38
9 14 23 24 28 32 35 39 40
10
91 92 93 94 95 96 97 98 99 100
41 42 43 44 45 46 47 48 49 50
6 16 26 36 46 56 66 76 86 96
7 17 27 37 47 57 67 77 87 97
5 15 25 35 45 55 65 75 85 95
1 11 21 31 41 51 61 71 81 91
8 18 28 38 48 58 68 78 88 98
1 2 3 4 5 6 7 8 9 10
3 13 23 33 43 53 63 73 83 93
10 20 30 40 50 60 70 80 90 100
71 72 73 74 75 76 77 78 79 80
81 82 83 84 85 86 87 88 89 90
11 12 13 14 15 16 17 18 19 20
4 14 24 34 44 54 64 74 84 94
9 19 29 39 49 59 69 79 89 99
21 22 23 24 25 26 27 28 29 30
61 62 63 64 65 66 67 68 69 70
2 12 22 32 42 52 62 72 82 92
51 52 53 54 55 56 57 58 59 60
9
2 4 5 8 9 12 13 14 16
6 10 13 15 17 19 21 22 24
3 4 6 8 9 10 11 12 13
1 2 3 4 5 6 7 8 9
1 3 4 6 8 10 11 12 13
6 8 10 11 12 15 17 19 21
7 11 15 17 18 20 22 24 26
5 9 11 12 14 16 18 19 21
9 13 18 21 23 25 27 28 29
11 13 14 15 18 21 22 24 27
8 9 12 13 14 17 18 20 23
4 8 10 11 13 14 15 18 20
10 12 13 14 16 19 20 21 25
13 16 18 20 21 24 26 27 29
3 6 8 10 12 13 14 16 18
8 12 17 19 20 21 24 26 27
12 14 16 18 19 22 24 26 28
6
4 5 6 9 11 12
7 11 13 15 16 17
5 6 8 10 13 15
8 13 15 17 19 21
2 4 5 6 7 8
5 7 8 10 12 14
7 9 10 12 15 17
6 9 10 12 14 15
4 5 7 9 11 13
11 12 14 15 17 21
9 11 12 14 16 19
10
8 16 23 29 34 38 41 43 44 60
9 17 24 30 35 39 42 44 45 63
1 2 3 4 5 6 7 8 9 46
2 10 11 12 13 14 15 16 17 48
3 11 18 19 20 21 22 23 24 51
9 17 24 30 35 39 42 44 45 62
47 49 51 52 55 57 58 61 63 64
2 10 11 12 13 14 15 16 17 49
5 13 20 26 31 32 33 34 35 54
5 13 20 26 31 32 33 34 35 55
6 14 21 27 32 36 37 38 39 57
4 12 19 25 26 27 28 29 30 52
4 12 19 25 26 27 28 29 30 53
6 14 21 27 32 36 37 38 39 56
7 15 22 28 33 37 40 41 42 58
46 48 50 53 54 56 59 60 62 64
7 15 22 28 33 37 40 41 42 59
3 11 18 19 20 21 22 23 24 50
8 16 23 29 34 38 41 43 44 61
4
3 7 9 12
8 16 19 22
7 9 14 19
1 6 7 8
6 7 11 16
8 12 17 22
6 11 14 17
8
18 22 25 27 30 37 39 44
23 26 29 35 39 44 48 50
28 34 39 41 44 49 50 51
4 7 10 13 18 22 25 28
19 23 25 33 37 38 39 49
25 29 32 34 38 39 48 50
28 32 33 36 44 46 50 51
22 25 29 31 34 38 44 46
13 18 21 24 28 33 35 36
5 11 16 18 22 25 29 34
7 11 12 16 21 23 26 32
10 16 19 21 23 25 29 33
4 5 10 15 16 19 23 28
10 12 19 21 25 29 32 39
16 21 23 28 30 34 38 44
7
22 24 26 28 31 33 34
5 10 14 17 19 20 31
5 10 14 17 19 20 30
4 9 13 16 17 18 29
6 11 15 18 20 21 33
1 2 3 4 5 6 23
1 2 3 4 5 6 22
2 7 8 9 10 11 24
3 8 12 13 14 15 26
23 25 27 29 30 32 34
4 9 13 16 17 18 28
6 11 15 18 20 21 32
3 8 12 13 14 15 27
7
14 21 22 25 26 27 32
13 16 19 20 23 29 32
9 11 13 16 19 24 26
9 12 13 14 16 18 20
7 8 12 14 17 22 25
2 5 6 9 10 11 14
10 15 16 17 19 21 23
2 4 6 7 9 10 13
11 18 21 22 24 26 29
6 8 11 12 13 16 19
6 7 11 13 16 21 22
10 13 16 18 21 26 27
5 6 7 8 11 13 16
3
4 6 7
2 4 6
4 6 7
6 7 10
2 4 6
10
148 173 174 179 211 219 245 260 292 319
48 53 84 102 135 137 169 178 179 224
76 93 110 135 155 168 170 194 214 237
114 130 172 175 194 205 219 226 260 293
17 31 36 48 65 78 101 114 115 122
36 46 66 82 110 127 151 157 174 206
101 122 149 168 170 201 215 224 245 272
32 33 46 53 72 91 122 130 142 145
51 79 82 102 117 140 168 175 194 214
122 145 180 214 237 261 285 308 319 324
167 188 206 224 248 261 272 293 301 324
115 142 177 194 214 222 245 268 292 301
17 32 49 51 76 90 113 129 148 167
65 72 109 117 155 168 184 197 211 248
113 130 151 169 184 197 215 219 245 285
90 118 127 137 168 185 201 205 222 261
78 91 130 140 168 185 197 212 219 261
129 131 157 178 197 212 224 226 268 308
49 61 66 84 109 130 149 172 177 180
2
22 222
2 22
22 222
10
3 4 6 9 10 11 12 13 15 17
10 13 15 17 18 23 25 26 28 29
12 13 19 20 21 25 26 29 30 32
16 17 23 24 25 28 29 32 34 37
13 17 18 20 22 27 29 30 33 34
6 7 9 12 14 17 18 20 22 24
7 9 11 12 14 15 17 18 20 22
4 5 7 11 13 15 17 19 21 23
15 19 20 22 23 28 30 32 35 37
10 11 15 17 19 21 23 25 27 28
9 10 13 14 15 17 18 20 22 23
2 3 5 7 9 10 11 12 14 16
3 4 5 7 9 11 13 15 17 19
11 12 17 18 20 23 25 27 29 30
11 15 17 18 20 25 27 29 31 32
9 11 12 15 17 21 23 25 27 28
5 6 7 9 11 12 15 17 18 20
2 3 4 6 7 9 10 11 13 15
14 15 21 22 24 27 28 31 33 35
10
8 9 10 11 12 13 14 15 16 17
7 8 9 10 11 12 13 14 15 16
2 3 4 5 6 7 8 9 10 11
1 2 3 4 5 6 7 8 9 10
3 4 5 6 7 8 9 10 11 12
10 11 12 13 14 15 16 17 18 19
8 9 10 11 12 13 14 15 16 17
9 10 11 12 13 14 15 16 17 18
4 5 6 7 8 9 10 11 12 13
6 7 8 9 10 11 12 13 14 15
4 5 6 7 8 9 10 11 12 13
9 10 11 12 13 14 15 16 17 18
3 4 5 6 7 8 9 10 11 12
6 7 8 9 10 11 12 13 14 15
1 2 3 4 5 6 7 8 9 10
5 6 7 8 9 10 11 12 13 14
5 6 7 8 9 10 11 12 13 14
10 11 12 13 14 15 16 17 18 19
2 3 4 5 6 7 8 9 10 11
4
18 49 84 92
39 61 84 107
6 27 39 57
57 74 92 117
36 67 107 117
12 36 61 74
27 36 49 67
5
8 12 14 20 22
13 20 22 26 32
10 14 19 24 26
9 16 20 24 28
1 3 5 9 13
11 17 23 28 32
5 12 14 19 23
1 6 8 10 11
3 9 12 14 17
4
7 10 13 14
9 13 14 17
3 6 9 12
12 13 14 17
9 11 13 14
4 9 11 13
3 4 7 9
2
6 8
2 4
4 8
7
36 57 81 87 109 129 136
47 88 105 136 155 169 193
52 69 89 95 128 147 155
24 61 71 109 128 149 170
3 12 23 57 69 96 110
36 86 102 129 147 152 192
13 23 52 60 71 102 105
8 12 33 55 61 86 88
90 110 120 125 170 192 193
12 33 52 81 89 104 120
13 55 60 87 95 118 125
1 3 12 13 24 36 47
72 96 104 118 149 152 169
10
1 2 4 6 8 9 11 12 14 15
12 14 17 19 20 23 25 26 28 29
8 15 17 19 20 23 24 26 28 30
14 16 19 20 21 24 27 28 29 31
4 5 7 10 11 13 14 17 18 20
11 13 15 16 18 21 22 24 27 28
15 18 21 23 24 26 28 30 32 33
4 8 10 12 13 15 16 19 20 23
8 10 12 13 15 17 18 20 22 24
6 8 9 12 14 15 16 19 20 22
3 6 7 9 12 14 15 17 19 21
11 18 20 22 24 26 28 29 31 33
2 4 5 8 10 11 13 14 16 18
9 11 14 15 17 19 21 23 25 26
2 4 6 8 10 11 13 15 16 18
5 10 11 14 15 17 18 20 21 24
1 2 3 4 5 6 7 8 9 11
7 13 14 16 18 21 22 25 27 28
6 11 13 15 17 19 21 23 24 26
7
5 8 11 12 13 14 16
8 9 11 13 16 18 20
10 11 15 17 20 21 22
7 9 13 14 16 18 20
9 10 14 16 18 20 21
4 7 9 11 13 14 15
2 3 4 6 8 10 11
6 8 10 12 14 16 17
2 3 4 5 7 9 10
10 12 13 14 18 20 21
3 5 7 8 9 12 14
4 7 9 10 11 13 15
11 14 15 16 20 21 22
7
13 26 31 36 39 43 46
5 11 14 18 21 22 26
8 15 18 22 26 32 36
9 18 19 22 23 29 32
11 22 28 32 34 38 42
7 12 15 19 25 28 31
12 18 21 23 29 34 39
3 7 8 9 10 11 13
10 21 25 26 29 30 35
7 11 12 15 18 22 26
15 22 26 29 30 38 43
3 5 7 8 12 15 18
18 26 29 32 35 42 46
6
17 18 23 28 33 35
13 16 18 22 26 29
6 7 12 13 15 16
4 5 8 9 12 14
5 7 13 16 17 18
10 13 15 19 22 23
4 6 10 13 15 17
8 12 15 18 22 23
9 13 19 22 24 28
15 17 22 24 30 34
14 16 23 29 34 35
2
3 6
2 4
4 6
2
2 6
4 8
2 4
3
1 2 3
1 2 4
2 3 5
2 3 5
4 5 7
9
9 14 17 20 24 28 31 33 34
6 10 14 15 19 20 24 26 30
14 18 20 28 32 35 39 42 45
24 29 30 34 39 40 46 48 51
2 7 10 14 18 20 22 24 27
14 20 22 28 29 35 36 38 40
1 3 6 9 10 14 17 18 21
3 7 11 12 16 18 20 25 29
17 22 25 31 32 39 40 42 46
17 20 24 31 35 36 40 43 49
18 24 26 35 38 42 43 45 48
10 18 21 24 28 32 35 36 39
21 27 29 36 40 45 49 50 51
1 2 6 9 11 14 17 21 24
21 25 26 33 36 38 42 45 50
9 12 15 20 24 28 31 35 36
11 16 19 24 28 29 32 38 40
10
2 3 5 8 9 12 15 17 19 22
20 23 25 27 30 31 33 37 38 42
6 9 11 13 16 19 21 23 24 26
23 29 30 32 34 36 40 42 44 45
9 11 12 15 18 20 24 25 26 27
8 12 13 15 18 20 21 27 31 32
17 19 23 25 28 32 35 37 41 42
2 3 6 9 12 15 18 20 21 23
18 19 20 21 25 26 31 35 37 40
21 26 28 31 32 35 38 41 43 44
15 17 19 20 23 25 30 32 35 36
12 16 19 20 23 25 26 31 35 36
22 24 26 27 30 36 40 42 44 45
19 22 24 26 29 35 37 38 43 44
9 15 16 18 19 23 25 30 32 34
15 17 21 24 27 30 31 33 38 40
3 6 9 11 14 17 19 23 26 29
5 9 11 12 17 19 20 25 28 30
12 14 17 18 19 23 27 28 29 30
2
22 222
2 22
2 22
7
4 5 6 7 8 9 10
7 8 9 10 11 12 13
4 5 6 7 8 9 10
5 6 7 8 9 10 11
3 4 5 6 7 8 9
6 7 8 9 10 11 12
1 2 3 4 5 6 7
7 8 9 10 11 12 13
2 3 4 5 6 7 8
3 4 5 6 7 8 9
1 2 3 4 5 6 7
6 7 8 9 10 11 12
5 6 7 8 9 10 11
4
5 8 9 11
3 6 8 10
2 4 6 8
1 2 4 5
4 5 8 9
1 2 3 5
5 6 10 11
8
5 10 12 17 19 21 24 26
13 18 19 27 29 31 34 37
3 5 8 11 14 17 19 21
11 14 17 20 23 25 27 30
9 12 17 23 24 26 28 29
19 21 24 26 28 31 34 37
8 10 12 14 17 18 19 21
21 23 26 28 29 33 37 40
17 19 21 22 26 28 31 34
4 7 10 14 17 19 21 23
6 11 14 20 21 22 26 28
5 7 10 11 12 15 18 20
14 17 19 21 24 27 29 33
3 4 5 6 9 10 13 14
14 20 21 30 33 34 37 40
3
3 4 5
2 3 4
1 2 3
1 2 3
2 3 4
7
22 23 24 25 26 27 28
4 11 18 25 32 39 46
1 2 3 4 5 6 7
3 10 17 24 31 38 45
8 9 10 11 12 13 14
43 44 45 46 47 48 49
1 8 15 22 29 36 43
15 16 17 18 19 20 21
29 30 31 32 33 34 35
5 12 19 26 33 40 47
36 37 38 39 40 41 42
7 14 21 28 35 42 49
2 9 16 23 30 37 44
7
5 7 8 11 16 17 20
1 3 5 7 10 12 13
9 12 15 17 22 25 26
5 7 8 11 15 18 21
7 10 11 12 17 20 22
4 5 7 10 13 15 17
10 13 16 19 22 24 27
3 5 7 8 12 15 16
7 8 11 12 19 21 24
1 4 5 7 9 12 15
15 16 21 22 27 29 31
13 17 20 24 26 28 31
12 15 17 21 25 27 29
3
1 2 3
2 3 4
3 4 5
2 3 4
3 4 5
6
10 25 26 32 37 41
7 15 16 19 25 30
16 31 35 38 42 44
5 10 15 18 22 27
10 15 20 25 27 31
15 16 25 26 29 35
22 25 32 37 38 42
18 19 29 32 37 38
9 20 25 29 32 36
5 7 9 10 14 16
27 30 36 41 43 44
