Case #1: 1 8
Case #2: 1
Case #3: 1 2
Case #4: 1 5 9
Case #5: 1 2 3 4 5 6 7 8 9 10 11 12 13 14 15 16 17 18 19 20 21 22 23 24 25 26 27 28 29 30 31 32 33 34 35 36 37 38 39 40 41 42 43 44 45 46 47 48 49 50 51 52 53 54 55 56 57 58 59 60 61 62 63 64 65 66 67 68 69 70 71 72 73 74 75
Case #6: 1 8812357815528301 17624715631056601 26437073446584901 35249431262113201 44061789077641501 52874146893169801 61686504708698101 70498862524226401 79311220339754701 88123578155283001 96935935970811301 105748293786339601 114560651601867901 123373009417396201 132185367232924501 140997725048452801 149810082863981101 158622440679509401 167434798495037701 176247156310566001 185059514126094301 193871871941622601 202684229757150901 211496587572679201 220308945388207501 229121303203735801 237933661019264101 246746018834792401 255558376650320701 264370734465849001 273183092281377301 281995450096905601 290807807912433901 299620165727962201 308432523543490501 317244881359018801 326057239174547101 334869596990075401 343681954805603701 352494312621132001 361306670436660301 370119028252188601 378931386067716901 387743743883245201 396556101698773501 405368459514301801 414180817329830101 422993175145358401 431805532960886701 440617890776415001 449430248591943301 458242606407471601 467054964222999901 475867322038528201 484679679854056501 493492037669584801 502304395485113101 511116753300641401
Case #7: 1 217180147160 434360294319 651540441478 868720588637 1085900735796 1303080882955 1520261030114 1737441177273 1954621324432 2171801471591 2388981618750 2606161765909 2823341913068 3040522060227 3257702207386 3474882354545 3692062501704 3909242648863 4126422796022 4343602943181 4560783090340 4777963237499 4995143384658 5212323531817 5429503678976
Case #8: 1 22 43 64
Case #9: 1 355530538022 711061076043 1066591614064 1422122152085 1777652690106 2133183228127 2488713766148 2844244304169 3199774842190 3555305380211 3910835918232 4266366456253 4621896994274 4977427532295 5332958070316 5688488608337 6044019146358 6399549684379 6755080222400 7110610760421 7466141298442 7821671836463 8177202374484 8532732912505 8888263450526 9243793988547 9599324526568 9954855064589 10310385602610 10665916140631 11021446678652 11376977216673 11732507754694 12088038292715 12443568830736 12799099368757 13154629906778 13510160444799 13865690982820 14221221520841 14576752058862 14932282596883 15287813134904 15643343672925 15998874210946 16354404748967 16709935286988 17065465825009 17420996363030 17776526901051 18132057439072 18487587977093 18843118515114 19198649053135 19554179591156 19909710129177 20265240667198 20620771205219 20976301743240 21331832281261 21687362819282 22042893357303 22398423895324 22753954433345 23109484971366 23465015509387 23820546047408 24176076585429 24531607123450 24887137661471 25242668199492 25598198737513 25953729275534 26309259813555 26664790351576 27020320889597 27375851427618 27731381965639 28086912503660 28442443041681 28797973579702 29153504117723 29509034655744
Case #10: 1 911512476370952 1823024952741903 2734537429112854 3646049905483805 4557562381854756 5469074858225707 6380587334596658 7292099810967609 8203612287338560 9115124763709511 10026637240080462 10938149716451413 11849662192822364 12761174669193315 13672687145564266 14584199621935217 15495712098306168 16407224574677119 17318737051048070 18230249527419021 19141762003789972 20053274480160923 20964786956531874 21876299432902825 22787811909273776 23699324385644727 24610836862015678 25522349338386629 26433861814757580 27345374291128531 28256886767499482 29168399243870433 30079911720241384 30991424196612335 31902936672983286 32814449149354237 33725961625725188 34637474102096139 35548986578467090 36460499054838041 37372011531208992 38283524007579943 39195036483950894 40106548960321845 41018061436692796 41929573913063747 42841086389434698 43752598865805649 44664111342176600 45575623818547551 46487136294918502 47398648771289453 48310161247660404 49221673724031355 50133186200402306 51044698676773257 51956211153144208 52867723629515159 53779236105886110 54690748582257061 55602261058628012 56513773534998963 57425286011369914 58336798487740865 59248310964111816 60159823440482767 61071335916853718 61982848393224669 62894360869595620 63805873345966571 64717385822337522 65628898298708473 66540410775079424
Case #11: 1 12721 25441 38161 50881 63601 76321 89041 101761 114481 127201 139921 152641 165361 178081 190801 203521 216241 228961 241681 254401 267121 279841
Case #12: 1 58 115 172 229 286 343
Case #13: 1 7417954636 14835909271 22253863906 29671818541 37089773176 44507727811 51925682446 59343637081 66761591716 74179546351 81597500986 89015455621 96433410256 103851364891 111269319526 118687274161 126105228796 133523183431 140941138066 148359092701 155777047336 163195001971 170612956606 178030911241 185448865876 192866820511 200284775146 207702729781 215120684416 222538639051 229956593686 237374548321 244792502956 252210457591 259628412226 267046366861 274464321496 281882276131 289300230766 296718185401 304136140036 311554094671 318972049306 326390003941 333807958576 341225913211 348643867846 356061822481 363479777116 370897731751 378315686386 385733641021 393151595656 400569550291 407987504926 415405459561 422823414196 430241368831 437659323466 445077278101 452495232736 459913187371 467331142006 474749096641 482167051276 489585005911 497002960546 504420915181 511838869816 519256824451 526674779086 534092733721 541510688356 548928642991 556346597626 563764552261 571182506896 578600461531 586018416166 593436370801 600854325436 608272280071 615690234706 623108189341 630526143976 637944098611 645362053246 652780007881 660197962516 667615917151 675033871786 682451826421 689869781056
Case #14: 1 16007042 32014083 48021124 64028165 80035206 96042247 112049288 128056329 144063370 160070411 176077452 192084493 208091534 224098575 240105616 256112657 272119698 288126739 304133780 320140821 336147862 352154903 368161944 384168985 400176026 416183067 432190108 448197149 464204190 480211231 496218272 512225313 528232354 544239395 560246436 576253477 592260518 608267559 624274600 640281641 656288682 672295723 688302764 704309805 720316846 736323887 752330928 768337969 784345010 800352051 816359092 832366133 848373174 864380215 880387256 896394297 912401338 928408379 944415420 960422461 976429502 992436543
Case #15: 1
Case #16: 1
Case #17: 1 363025 726049 1089073 1452097 1815121 2178145 2541169 2904193 3267217 3630241 3993265 4356289 4719313 5082337 5445361 5808385 6171409 6534433 6897457 7260481 7623505 7986529 8349553 8712577 9075601 9438625 9801649 10164673 10527697 10890721 11253745 11616769 11979793 12342817 12705841 13068865 13431889 13794913 14157937 14520961 14883985 15247009 15610033 15973057 16336081 16699105 17062129 17425153 17788177 18151201 18514225 18877249 19240273 19603297 19966321 20329345 20692369 21055393 21418417 21781441 22144465 22507489 22870513 23233537 23596561 23959585 24322609 24685633 25048657 25411681
Case #18: 1 17 33 49 65 81 97 113 129 145 161 177 193 209 225
Case #19: 1 9332 18663 27994 37325 46656
Case #20: 1 225141952945498754 450283905890997507
Case #21: 1 21 41 61 81 101 121 141 161 181 201 221 241 261 281 301 321 341 361
Case #22: 1 323623638092042 647247276184083 970870914276124 1294494552368165 1618118190460206 1941741828552247 2265365466644288 2588989104736329 2912612742828370 3236236380920411 3559860019012452 3883483657104493 4207107295196534 4530730933288575 4854354571380616 5177978209472657 5501601847564698 5825225485656739 6148849123748780 6472472761840821 6796096399932862 7119720038024903 7443343676116944 7766967314208985 8090590952301026 8414214590393067 8737838228485108 9061461866577149 9385085504669190 9708709142761231 10032332780853272 10355956418945313 10679580057037354 11003203695129395 11326827333221436 11650450971313477 11974074609405518 12297698247497559 12621321885589600 12944945523681641 13268569161773682 13592192799865723 13915816437957764 14239440076049805 14563063714141846 14886687352233887 15210310990325928 15533934628417969 15857558266510010 16181181904602051 16504805542694092 16828429180786133 17152052818878174 17475676456970215 17799300095062256 18122923733154297 18446547371246338 18770171009338379 19093794647430420 19417418285522461 19741041923614502 20064665561706543 20388289199798584 20711912837890625
Case #23: 1 3908 7815 11722 15629 19536 23443 27350 31257 35164 39071 42978 46885 50792 54699 58606 62513 66420 70327 74234 78141 82048 85955 89862 93769 97676 101583 105490 109397 113304 117211 121118 125025 128932 132839 136746 140653 144560 148467 152374 156281 160188 164095 168002 171909 175816 179723 183630 187537 191444 195351 199258 203165 207072 210979 214886 218793 222700 226607 230514 234421 238328
Case #24: 1 342 683 1024
Case #25: 1 2 3 4 5 6 7 8 9 10 11 12 13 14 15 16 17 18 19 20 21 22 23 24 25
Case #26: 1
Case #27: 1
Case #28: 1 9902 19803 29704 39605 49506 59407 69308 79209 89110 99011 108912 118813 128714 138615 148516 158417 168318 178219 188120 198021 207922 217823 227724 237625 247526 257427 267328 277229 287130 297031 306932 316833 326734 336635 346536 356437 366338 376239 386140 396041 405942 415843 425744 435645 445546 455447 465348 475249 485150 495051 504952 514853 524754 534655 544556 554457 564358 574259 584160 594061 603962 613863 623764 633665 643566 653467 663368 673269 683170 693071 702972 712873 722774 732675 742576 752477 762378 772279 782180 792081 801982 811883 821784 831685 841586 851487 861388 871289 881190 891091 900992 910893 920794 930695 940596 950497 960398 970299
Case #29: 1
Case #30: 1 1484 2967 4450 5933 7416 8899 10382 11865 13348 14831 16314 17797 19280 20763 22246 23729 25212 26695 28178 29661 31144 32627 34110 35593 37076 38559 40042 41525 43008 44491 45974 47457 48940 50423 51906 53389 54872
Case #31: 1 6 11 16
Case #32: 1
Case #33: 1 4
Case #34: 1 76 151 226 301 376 451 526 601 676 751 826 901 976 1051 1126 1201 1276 1351 1426 1501 1576 1651 1726 1801 1876 1951 2026 2101 2176 2251 2326 2401 2476 2551 2626 2701 2776 2851 2926 3001 3076 3151 3226 3301 3376 3451 3526 3601 3676 3751 3826 3901 3976 4051 4126 4201 4276 4351 4426 4501 4576 4651 4726 4801 4876 4951 5026 5101 5176 5251 5326 5401 5476
Case #35: 1 584834884057972 1169669768115943 1754504652173914 2339339536231885 2924174420289856 3509009304347827 4093844188405798 4678679072463769 5263513956521740 5848348840579711 6433183724637682 7018018608695653 7602853492753624 8187688376811595 8772523260869566 9357358144927537 9942193028985508 10527027913043479 11111862797101450 11696697681159421 12281532565217392 12866367449275363 13451202333333334 14036037217391305 14620872101449276 15205706985507247 15790541869565218 16375376753623189 16960211637681160 17545046521739131 18129881405797102 18714716289855073 19299551173913044 19884386057971015 20469220942028986 21054055826086957 21638890710144928 22223725594202899 22808560478260870 23393395362318841 23978230246376812 24563065130434783 25147900014492754 25732734898550725 26317569782608696 26902404666666667 27487239550724638 28072074434782609 28656909318840580 29241744202898551 29826579086956522 30411413971014493 30996248855072464 31581083739130435 32165918623188406 32750753507246377 33335588391304348 33920423275362319 34505258159420290 35090093043478261 35674927927536232 36259762811594203 36844597695652174 37429432579710145 38014267463768116 38599102347826087 39183937231884058 39768772115942029 40353607000000000
Case #36: 1 2 3 4 5 6
Case #37: 1 4034 8067 12100 16133 20166 24199 28232 32265 36298 40331 44364 48397 52430 56463 60496 64529 68562 72595 76628 80661 84694 88727 92760 96793 100826 104859 108892 112925 116958 120991 125024 129057 133090 137123 141156 145189 149222 153255 157288 161321 165354 169387 173420 177453 181486 185519 189552 193585 197618 201651 205684 209717 213750 217783 221816 225849 229882 233915 237948 241981 246014 250047
Case #38: 1 4759614532 9519229063 14278843594 19038458125 23798072656 28557687187 33317301718 38076916249 42836530780 47596145311 52355759842 57115374373 61874988904 66634603435 71394217966 76153832497 80913447028 85673061559 90432676090 95192290621 99951905152 104711519683 109471134214 114230748745 118990363276 123749977807 128509592338 133269206869 138028821400 142788435931 147548050462 152307664993 157067279524 161826894055 166586508586 171346123117 176105737648 180865352179 185624966710 190384581241 195144195772 199903810303 204663424834 209423039365 214182653896 218942268427 223701882958 228461497489 233221112020 237980726551 242740341082 247499955613 252259570144 257019184675 261778799206 266538413737 271298028268 276057642799 280817257330 285576871861 290336486392 295096100923 299855715454 304615329985 309374944516 314134559047 318894173578 323653788109 328413402640 333173017171 337932631702 342692246233 347451860764 352211475295 356971089826 361730704357 366490318888 371249933419 376009547950 380769162481 385528777012 390288391543 395048006074 399807620605 404567235136
Case #39: 1 70576641626497 141153283252993 211729924879489 282306566505985 352883208132481 423459849758977 494036491385473 564613133011969 635189774638465 705766416264961 776343057891457 846919699517953 917496341144449 988072982770945 1058649624397441 1129226266023937 1199802907650433 1270379549276929 1340956190903425 1411532832529921 1482109474156417 1552686115782913 1623262757409409 1693839399035905 1764416040662401 1834992682288897 1905569323915393 1976145965541889 2046722607168385 2117299248794881 2187875890421377 2258452532047873 2329029173674369 2399605815300865 2470182456927361 2540759098553857 2611335740180353 2681912381806849 2752489023433345 2823065665059841 2893642306686337 2964218948312833 3034795589939329 3105372231565825 3175948873192321 3246525514818817 3317102156445313 3387678798071809 3458255439698305 3528832081324801 3599408722951297 3669985364577793 3740562006204289 3811138647830785 3881715289457281 3952291931083777 4022868572710273 4093445214336769 4164021855963265 4234598497589761 4305175139216257 4375751780842753 4446328422469249 4516905064095745 4587481705722241 4658058347348737 4728634988975233 4799211630601729 4869788272228225 4940364913854721 5010941555481217 5081518197107713 5152094838734209 5222671480360705 5293248121987201 5363824763613697 5434401405240193 5504978046866689 5575554688493185 5646131330119681 5716707971746177 5787284613372673 5857861254999169 5928437896625665 5999014538252161 6069591179878657 6140167821505153 6210744463131649 6281321104758145 6351897746384641 6422474388011137 6493051029637633 6563627671264129 6634204312890625
Case #40: 1 4768371582032 9536743164063 14305114746094 19073486328125
Case #41: 1 2 3 4
Case #42: 1 1839908871712 3679817743423 5519726615134 7359635486845 9199544358556 11039453230267 12879362101978 14719270973689 16559179845400 18399088717111 20238997588822 22078906460533 23918815332244 25758724203955 27598633075666 29438541947377 31278450819088 33118359690799 34958268562510 36798177434221 38638086305932 40477995177643 42317904049354 44157812921065 45997721792776 47837630664487 49677539536198 51517448407909 53357357279620 55197266151331 57037175023042 58877083894753 60716992766464
Case #43: 1 4387390128075572 8774780256151143 13162170384226714 17549560512302285 21936950640377856
Case #44: 1 1227133514 2454267027 3681400540 4908534053 6135667566 7362801079 8589934592
Case #45: 1 1556 3111 4666 6221 7776
Case #46: 1 2 3 4 5 6 7 8 9 10 11 12 13 14 15 16 17 18 19 20 21 22 23 24 25 26 27 28 29 30 31 32 33 34 35 36 37 38 39 40 41 42 43 44 45 46 47 48 49 50 51 52 53 54 55 56 57 58 59
Case #47: 1 64570082 129140163
Case #48: 1 157946044610720578 315892089221441155 473838133832161732 631784178442882309 789730223053602886
Case #49: 1 41 81
Case #50: 1 1010102 2020203 3030304 4040405 5050506 6060607 7070708 8080809 9090910 10101011 11111112 12121213 13131314 14141415 15151516 16161617 17171718 18181819 19191920 20202021 21212122 22222223 23232324 24242425 25252526 26262627 27272728 28282829 29292930 30303031 31313132 32323233 33333334 34343435 35353536 36363637 37373738 38383839 39393940 40404041 41414142 42424243 43434344 44444445 45454546 46464647 47474748 48484849 49494950 50505051 51515152 52525253 53535354 54545455 55555556 56565657 57575758 58585859 59595960 60606061 61616162 62626263 63636364 64646465 65656566 66666667 67676768 68686869 69696970 70707071 71717172 72727273 73737374 74747475 75757576 76767677 77777778 78787879 79797980 80808081 81818182 82828283 83838384 84848485 85858586 86868687 87878788 88888889 89898990 90909091 91919192 92929293 93939394 94949495 95959596 96969697 97979798 98989899 100000000
Case #51: 1 412220218125682 824440436251363 1236660654377044 1648880872502725 2061101090628406 2473321308754087 2885541526879768 3297761745005449 3709981963131130 4122202181256811 4534422399382492 4946642617508173 5358862835633854 5771083053759535 6183303271885216 6595523490010897 7007743708136578 7419963926262259 7832184144387940 8244404362513621 8656624580639302 9068844798764983 9481065016890664 9893285235016345 10305505453142026 10717725671267707 11129945889393388 11542166107519069 11954386325644750 12366606543770431 12778826761896112 13191046980021793 13603267198147474 14015487416273155 14427707634398836 14839927852524517 15252148070650198 15664368288775879 16076588506901560 16488808725027241 16901028943152922 17313249161278603 17725469379404284 18137689597529965 18549909815655646 18962130033781327 19374350251907008 19786570470032689 20198790688158370 20611010906284051 21023231124409732 21435451342535413 21847671560661094 22259891778786775 22672111996912456 23084332215038137 23496552433163818 23908772651289499 24320992869415180 24733213087540861 25145433305666542 25557653523792223 25969873741917904 26382093960043585 26794314178169266 27206534396294947
Case #52: 1 2 3 4 5 6 7 8 9 10 11 12
Case #53: 1 88742 177483 266224 354965 443706 532447 621188 709929 798670 887411 976152 1064893 1153634 1242375 1331116 1419857
Case #54: 1 576460752303423490
Case #55: 1 111111111111111122 222222222222222243 333333333333333364 444444444444444485 555555555555555606 666666666666666727 777777777777777848 888888888888888969 1000000000000000090
Case #56: 1 22250358076 44500716151 66751074226 89001432301 111251790376 133502148451 155752506526 178002864601 200253222676 222503580751 244753938826 267004296901 289254654976
Case #57: 1 8492487572 16984975143 25477462714 33969950285 42462437856 50954925427 59447412998 67939900569 76432388140 84924875711 93417363282 101909850853 110402338424 118894825995 127387313566 135879801137 144372288708 152864776279 161357263850 169849751421 178342238992 186834726563 195327214134 203819701705 212312189276 220804676847 229297164418 237789651989 246282139560 254774627131 263267114702 271759602273 280252089844 288744577415 297237064986 305729552557 314222040128 322714527699 331207015270 339699502841 348191990412 356684477983 365176965554 373669453125
Case #58: 1 49659542 99319083 148978624 198638165 248297706 297957247 347616788 397276329 446935870 496595411 546254952 595914493 645574034 695233575 744893116 794552657 844212198 893871739
Case #59: 1 538947368422 1077894736843 1616842105264 2155789473685 2694736842106 3233684210527 3772631578948 4311578947369 4850526315790 5389473684211 5928421052632 6467368421053 7006315789474 7545263157895 8084210526316 8623157894737 9162105263158 9701052631579 10240000000000
Case #60: 1 86 171 256
Case #61: 1 9122 18243 27364 36485 45606 54727 63848 72969 82090 91211 100332 109453 118574 127695 136816 145937 155058 164179 173300 182421 191542 200663 209784 218905 228026 237147 246268 255389 264510 273631 282752 291873 300994 310115 319236 328357 337478 346599 355720 364841 373962 383083 392204 401325 410446 419567 428688 437809 446930 456051 465172 474293 483414 492535 501656 510777 519898 529019 538140 547261 556382 565503 574624 583745 592866 601987 611108 620229 629350 638471 647592 656713 665834 674955 684076 693197 702318 711439 720560 729681 738802 747923 757044 766165 775286 784407 793528 802649 811770 820891 830012 839133 848254 857375
Case #62: 1 3981322769403242 7962645538806483 11943968308209724 15925291077612965 19906613847016206 23887936616419447 27869259385822688 31850582155225929 35831904924629170 39813227694032411 43794550463435652 47775873232838893 51757196002242134 55738518771645375 59719841541048616 63701164310451857 67682487079855098 71663809849258339 75645132618661580 79626455388064821 83607778157468062 87589100926871303 91570423696274544 95551746465677785 99533069235081026 103514392004484267 107495714773887508 111477037543290749 115458360312693990 119439683082097231 123421005851500472 127402328620903713 131383651390306954 135364974159710195 139346296929113436 143327619698516677 147308942467919918 151290265237323159 155271588006726400 159252910776129641 163234233545532882 167215556314936123 171196879084339364 175178201853742605 179159524623145846 183140847392549087 187122170161952328 191103492931355569 195084815700758810 199066138470162051 203047461239565292 207028784008968533 211010106778371774 214991429547775015 218972752317178256 222954075086581497 226935397855984738 230916720625387979 234898043394791220 238879366164194461 242860688933597702 246842011703000943 250823334472404184 254804657241807425 258785980011210666 262767302780613907 266748625550017148 270729948319420389 274711271088823630 278692593858226871 282673916627630112 286655239397033353 290636562166436594 294617884935839835 298599207705243076 302580530474646317 306561853244049558 310543176013452799 314524498782856040 318505821552259281 322487144321662522 326468467091065763 330449789860469004 334431112629872245 338412435399275486 342393758168678727 346375080938081968 350356403707485209
Case #63: 1 2 3 4 5 6 7 8 9 10 11 12 13 14 15 16 17 18 19 20 21 22 23 24 25 26 27 28 29 30 31 32 33 34 35 36 37 38 39 40 41 42 43 44 45 46 47 48 49 50 51 52 53 54 55 56 57
Case #64: 1 19450112947521 38900225895041 58350338842561 77800451790081 97250564737601 116700677685121 136150790632641 155600903580161 175051016527681 194501129475201 213951242422721 233401355370241 252851468317761 272301581265281 291751694212801 311201807160321 330651920107841 350102033055361 369552146002881 389002258950401 408452371897921 427902484845441 447352597792961 466802710740481 486252823688001 505702936635521 525153049583041 544603162530561 564053275478081 583503388425601 602953501373121 622403614320641 641853727268161 661303840215681 680753953163201 700204066110721 719654179058241 739104292005761 758554404953281 778004517900801 797454630848321 816904743795841 836354856743361 855804969690881 875255082638401 894705195585921 914155308533441 933605421480961 953055534428481 972505647376001 991955760323521 1011405873271041 1030855986218561 1050306099166081 1069756212113601 1089206325061121 1108656438008641 1128106550956161 1147556663903681 1167006776851201 1186456889798721 1205907002746241 1225357115693761 1244807228641281 1264257341588801 1283707454536321 1303157567483841 1322607680431361 1342057793378881 1361507906326401 1380958019273921 1400408132221441 1419858245168961 1439308358116481 1458758471064001 1478208584011521 1497658696959041 1517108809906561
Case #65: 1 10101010101010102 20202020202020203 30303030303030304 40404040404040405 50505050505050506 60606060606060607 70707070707070708 80808080808080809 90909090909090910 101010101010101011 111111111111111112 121212121212121213 131313131313131314 141414141414141415 151515151515151516 161616161616161617 171717171717171718 181818181818181819 191919191919191920 202020202020202021 212121212121212122 222222222222222223 232323232323232324 242424242424242425 252525252525252526 262626262626262627 272727272727272728 282828282828282829 292929292929292930 303030303030303031 313131313131313132 323232323232323233 333333333333333334 343434343434343435 353535353535353536 363636363636363637 373737373737373738 383838383838383839 393939393939393940 404040404040404041 414141414141414142 424242424242424243 434343434343434344 444444444444444445 454545454545454546 464646464646464647 474747474747474748 484848484848484849 494949494949494950 505050505050505051 515151515151515152 525252525252525253 535353535353535354 545454545454545455 555555555555555556 565656565656565657 575757575757575758 585858585858585859 595959595959595960 606060606060606061 616161616161616162 626262626262626263 636363636363636364 646464646464646465 656565656565656566 666666666666666667 676767676767676768 686868686868686869 696969696969696970 707070707070707071 717171717171717172 727272727272727273 737373737373737374 747474747474747475 757575757575757576 767676767676767677 777777777777777778 787878787878787879 797979797979797980 808080808080808081 818181818181818182 828282828282828283 838383838383838384 848484848484848485 858585858585858586 868686868686868687 878787878787878788 888888888888888889 898989898989898990 909090909090909091 919191919191919192 929292929292929293 939393939393939394 949494949494949495 959595959595959596 969696969696969697 979797979797979798 989898989898989899 1000000000000000000
Case #66: 1 300239975158034 600479950316067 900719925474100 1200959900632133 1501199875790166 1801439850948199 2101679826106232 2401919801264265 2702159776422298 3002399751580331 3302639726738364 3602879701896397 3903119677054430 4203359652212463 4503599627370496
Case #67: 1 67977561 135955121 203932681 271910241 339887801 407865361 475842921 543820481 611798041 679775601 747753161 815730721
Case #68: 1 1111112 2222223 3333334 4444445 5555556 6666667 7777778 8888889 10000000
Case #69: 1 2 3 4 5 6 7 8 9 10 11 12 13 14 15 16 17 18 19 20 21 22 23 24 25 26 27 28 29 30 31 32 33 34 35 36 37 38 39 40 41 42 43 44 45 46 47 48 49 50 51 52 53 54 55 56 57 58 59 60 61 62 63 64 65 66 67 68 69 70 71 72 73 74 75 76 77 78 79 80 81 82 83 84 85 86 87 88 89 90 91 92 93 94 95 96 97 98 99 100
Case #70: 1 30 59 88 117 146 175 204 233 262 291 320 349 378 407 436 465 494 523 552 581 610 639 668 697 726 755 784
Case #71: 1
Case #72: 1 16277 32553 48829 65105 81381 97657 113933 130209 146485 162761 179037 195313 211589 227865 244141 260417 276693 292969 309245 325521 341797 358073 374349 390625
Case #73: 1 8108732 16217463 24326194 32434925 40543656 48652387 56761118 64869849 72978580 81087311 89196042 97304773 105413504
Case #74: 1 14129647352 28259294703 42388942054 56518589405 70648236756 84777884107 98907531458 113037178809 127166826160 141296473511 155426120862 169555768213 183685415564 197815062915 211944710266 226074357617 240204004968 254333652319 268463299670 282592947021 296722594372 310852241723 324981889074 339111536425 353241183776 367370831127 381500478478 395630125829 409759773180 423889420531 438019067882 452148715233 466278362584 480408009935 494537657286 508667304637 522796951988 536926599339 551056246690 565185894041 579315541392 593445188743 607574836094 621704483445 635834130796 649963778147 664093425498 678223072849
Case #75: 1 2452 4903 7354 9805 12256 14707 17158 19609 22060 24511 26962 29413 31864 34315 36766 39217 41668 44119 46570 49021 51472 53923 56374 58825 61276 63727 66178 68629 71080 73531 75982 78433 80884 83335 85786 88237 90688 93139 95590 98041 100492 102943 105394 107845 110296 112747 115198 117649
Case #76: 1 21243691 42487381 63731071 84974761 106218451 127462141 148705831 169949521 191193211 212436901 233680591 254924281 276167971 297411661 318655351 339899041 361142731 382386421 403630111 424873801 446117491 467361181 488604871 509848561 531092251 552335941 573579631 594823321
Case #77: 1 4594972986357217 9189945972714433 13784918959071649 18379891945428865 22974864931786081 27569837918143297 32164810904500513 36759783890857729 41354756877214945 45949729863572161
Case #78: 1 96076792050570578 192153584101141155 288230376151711732
Case #79: 1 2 3
Case #80: 1 3987077725 7974155449 11961233173 15948310897 19935388621 23922466345 27909544069 31896621793 35883699517 39870777241 43857854965 47844932689 51832010413 55819088137 59806165861 63793243585 67780321309 71767399033 75754476757 79741554481 83728632205 87715709929 91702787653 95689865377 99676943101 103664020825 107651098549 111638176273 115625253997 119612331721 123599409445 127586487169 131573564893 135560642617 139547720341 143534798065 147521875789 151508953513 155496031237 159483108961 163470186685 167457264409 171444342133 175431419857 179418497581 183405575305 187392653029 191379730753 195366808477 199353886201 203340963925 207328041649 211315119373 215302197097 219289274821 223276352545 227263430269 231250507993 235237585717 239224663441 243211741165 247198818889 251185896613 255172974337 259160052061 263147129785 267134207509 271121285233 275108362957 279095440681 283082518405 287069596129 291056673853 295043751577 299030829301 303017907025 307004984749 310992062473 314979140197 318966217921 322953295645 326940373369
Case #81: 1 125999618779 251999237557 377998856335 503998475113 629998093891 755997712669 881997331447 1007996950225 1133996569003 1259996187781 1385995806559 1511995425337 1637995044115 1763994662893 1889994281671 2015993900449
Case #82: 1 10101010102 20202020203 30303030304 40404040405 50505050506 60606060607 70707070708 80808080809 90909090910 101010101011 111111111112 121212121213 131313131314 141414141415 151515151516 161616161617 171717171718 181818181819 191919191920 202020202021 212121212122 222222222223 232323232324 242424242425 252525252526 262626262627 272727272728 282828282829 292929292930 303030303031 313131313132 323232323233 333333333334 343434343435 353535353536 363636363637 373737373738 383838383839 393939393940 404040404041 414141414142 424242424243 434343434344 444444444445 454545454546 464646464647 474747474748 484848484849 494949494950 505050505051 515151515152 525252525253 535353535354 545454545455 555555555556 565656565657 575757575758 585858585859 595959595960 606060606061 616161616162 626262626263 636363636364 646464646465 656565656566 666666666667 676767676768 686868686869 696969696970 707070707071 717171717172 727272727273 737373737374 747474747475 757575757576 767676767677 777777777778 787878787879 797979797980 808080808081 818181818182 828282828283 838383838384 848484848485 858585858586 868686868687 878787878788 888888888889 898989898990 909090909091 919191919192 929292929293 939393939394 949494949495 959595959596 969696969697 979797979798 989898989899 1000000000000
Case #83: 1 14 27
Case #84: 1 8 15 22 29 36
Case #85: 1 2084647712458322 4169295424916643 6253943137374964 8338590849833285 10423238562291606 12507886274749927 14592533987208248 16677181699666569
Case #86: 1 21236982278482 42473964556963 63710946835444 84947929113925 106184911392406 127421893670887 148658875949368 169895858227849 191132840506330 212369822784811 233606805063292 254843787341773 276080769620254 297317751898735 318554734177216 339791716455697 361028698734178 382265681012659 403502663291140 424739645569621 445976627848102 467213610126583 488450592405064 509687574683545 530924556962026 552161539240507 573398521518988 594635503797469 615872486075950 637109468354431 658346450632912 679583432911393 700820415189874 722057397468355 743294379746836 764531362025317 785768344303798 807005326582279 828242308860760 849479291139241 870716273417722 891953255696203 913190237974684 934427220253165 955664202531646 976901184810127 998138167088608 1019375149367089 1040612131645570 1061849113924051 1083086096202532 1104323078481013 1125560060759494 1146797043037975 1168034025316456 1189271007594937 1210507989873418 1231744972151899 1252981954430380 1274218936708861 1295455918987342 1316692901265823 1337929883544304 1359166865822785 1380403848101266 1401640830379747 1422877812658228 1444114794936709 1465351777215190 1486588759493671 1507825741772152 1529062724050633 1550299706329114 1571536688607595 1592773670886076 1614010653164557 1635247635443038 1656484617721519 1677721600000000
Case #87: 1 581130734 1162261467
Case #88: 1 10102 20203 30304 40405 50506 60607 70708 80809 90910 101011 111112 121213 131314 141415 151516 161617 171718 181819 191920 202021 212122 222223 232324 242425 252526 262627 272728 282829 292930 303031 313132 323233 333334 343435 353536 363637 373738 383839 393940 404041 414142 424243 434344 444445 454546 464647 474748 484849 494950 505051 515152 525253 535354 545455 555556 565657 575758 585859 595960 606061 616162 626263 636364 646465 656566 666667 676768 686869 696970 707071 717172 727273 737374 747475 757576 767677 777778 787879 797980 808081 818182 828283 838384 848485 858586 868687 878788 888889 898990 909091 919192 929293 939394 949495 959596 969697 979798 989899 1000000
Case #89: 1
Case #90: 1 2 3 4 5 6 7 8 9 10 11 12 13 14 15 16 17 18 19 20 21 22 23 24 25 26 27 28 29 30 31 32 33 34 35 36 37 38 39 40 41 42 43 44 45 46 47 48 49 50
Case #91: 1 727250581 1454501161 2181751741 2909002321 3636252901 4363503481 5090754061 5818004641 6545255221 7272505801 7999756381 8727006961 9454257541 10181508121 10908758701 11636009281 12363259861 13090510441 13817761021 14545011601 15272262181 15999512761 16726763341 17454013921 18181264501 18908515081 19635765661 20363016241 21090266821 21817517401 22544767981 23272018561 23999269141 24726519721 25453770301 26181020881 26908271461 27635522041 28362772621 29090023201 29817273781 30544524361 31271774941 31999025521 32726276101 33453526681 34180777261 34908027841 35635278421 36362529001 37089779581 37817030161 38544280741 39271531321 39998781901 40726032481 41453283061 42180533641
Case #92: 1 16
Case #93: 1 2 3 4 5 6 7 8 9 10 11 12 13 14 15 16 17 18 19 20 21 22 23 24 25 26 27 28 29 30 31 32 33 34 35 36 37 38 39 40 41 42 43 44 45 46 47
Case #94: 1 2980232238769532 5960464477539063 8940696716308594 11920928955078125
Case #95: 1 46 91 136 181 226 271 316 361 406 451 496 541 586 631 676 721 766 811 856 901 946 991 1036 1081 1126 1171 1216 1261 1306 1351 1396 1441 1486 1531 1576 1621 1666 1711 1756 1801 1846 1891 1936
Case #96: 1
Case #97: 1 94 187 280 373 466 559 652 745 838 931 1024 1117 1210 1303 1396 1489 1582 1675 1768 1861 1954 2047 2140 2233 2326 2419 2512 2605 2698 2791 2884 2977 3070 3163 3256 3349 3442 3535 3628 3721 3814 3907 4000 4093 4186 4279 4372 4465 4558 4651 4744 4837 4930 5023 5116 5209 5302 5395 5488 5581 5674 5767 5860 5953 6046 6139 6232 6325 6418 6511 6604 6697 6790 6883 6976 7069 7162 7255 7348 7441 7534 7627 7720 7813 7906 7999 8092 8185 8278 8371 8464
Case #98: 1 102 203 304 405 506 607 708 809 910 1011 1112 1213 1314 1415 1516 1617 1718 1819 1920 2021 2122 2223 2324 2425 2526 2627 2728 2829 2930 3031 3132 3233 3334 3435 3536 3637 3738 3839 3940 4041 4142 4243 4344 4445 4546 4647 4748 4849 4950 5051 5152 5253 5354 5455 5556 5657 5758 5859 5960 6061 6162 6263 6364 6465 6566 6667 6768 6869 6970 7071 7172 7273 7374 7475 7576 7677 7778 7879 7980 8081 8182 8283 8384 8485 8586 8687 8788 8889 8990 9091 9192 9293 9394 9495 9596 9697 9798 9899 10000
Case #99: 1 4370 8739 13108 17477 21846 26215 30584 34953 39322 43691 48060 52429 56798 61167 65536
Case #100: 1 11112 22223 33334 44445 55556 66667 77778 88889 100000
