Case #1: 1 8
Case #2: 1
Case #3: 1 2
Case #4: 1 5 9
Case #5: 1 40210710958666 80421421917331 120632132875996 160842843834661 201053554793326 241264265751991 281474976710656
Case #6: 1 4
Case #7: 1 9704 19407 29110 38813 48516 58219 67922 77625 87328 97031 106734 116437 126140 135843 145546 155249 164952 174655 184358 194061 203764 213467 223170 232873 242576 252279 261982 271685 281388 291091 300794 310497 320200 329903 339606 349309 359012 368715 378418 388121 397824 407527 417230 426933 436636 446339 456042 465745 475448 485151 494854 504557 514260 523963 533666 543369 553072 562775 572478 582181 591884 601587 611290 620993 630696 640399 650102 659805 669508 679211 688914 698617 708320 718023 727726 737429 747132 756835 766538 776241 785944 795647 805350 815053 824756 834459 844162 853865 863568 873271 882974 892677 902380 912083 921786 931489 941192
Case #8: 1 2000720 4001439 6002158 8002877 10003596 12004315 14005034 16005753 18006472 20007191 22007910 24008629 26009348 28010067 30010786 32011505 34012224
Case #9: 1 3452271214394 6904542428787 10356813643180 13809084857573 17261356071966 20713627286359 24165898500752 27618169715145 31070440929538 34522712143931
Case #10: 1 47 93 139 185 231 277 323 369 415 461 507 553 599 645 691 737 783 829 875 921 967 1013 1059 1105 1151 1197 1243 1289 1335 1381 1427 1473 1519 1565 1611 1657 1703 1749 1795 1841 1887 1933 1979 2025
Case #11: 1 64 127 190 253 316 379 442 505 568 631 694 757 820 883 946 1009 1072 1135 1198 1261 1324 1387 1450 1513 1576 1639 1702 1765 1828 1891 1954 2017 2080 2143 2206 2269 2332 2395 2458 2521 2584 2647 2710 2773 2836 2899 2962 3025 3088 3151 3214 3277 3340 3403 3466 3529 3592 3655 3718 3781 3844
Case #12: 1 576460752303423490
Case #13: 1 55344356 110688711 166033066 221377421 276721776 332066131 387410486 442754841 498099196 553443551 608787906 664132261 719476616 774820971 830165326 885509681 940854036 996198391 1051542746 1106887101 1162231456 1217575811 1272920166 1328264521 1383608876 1438953231 1494297586 1549641941 1604986296 1660330651 1715675006 1771019361 1826363716 1881708071 1937052426 1992396781 2047741136 2103085491 2158429846 2213774201 2269118556 2324462911 2379807266 2435151621 2490495976 2545840331 2601184686 2656529041 2711873396 2767217751 2822562106 2877906461 2933250816 2988595171 3043939526 3099283881 3154628236 3209972591 3265316946 3320661301 3376005656 3431350011 3486694366 3542038721 3597383076 3652727431 3708071786 3763416141 3818760496 3874104851 3929449206 3984793561 4040137916 4095482271 4150826626 4206170981 4261515336 4316859691 4372204046 4427548401 4482892756 4538237111 4593581466 4648925821 4704270176
Case #14: 1
Case #15: 1 10102 20203 30304 40405 50506 60607 70708 80809 90910 101011 111112 121213 131314 141415 151516 161617 171718 181819 191920 202021 212122 222223 232324 242425 252526 262627 272728 282829 292930 303031 313132 323233 333334 343435 353536 363637 373738 383839 393940 404041 414142 424243 434344 444445 454546 464647 474748 484849 494950 505051 515152 525253 535354 545455 555556 565657 575758 585859 595960 606061 616162 626263 636364 646465 656566 666667 676768 686869 696970 707071 717172 727273 737374 747475 757576 767677 777778 787879 797980 808081 818182 828283 838384 848485 858586 868687 878788 888889 898990 909091 919192 929293 939394 949495 959596 969697 979798 989899 1000000
Case #16: 1 41 81
Case #17: 1 262144
Case #18: 1
Case #19: 1
Case #20: 1 883708282 1767416563 2651124844 3534833125 4418541406 5302249687 6185957968 7069666249 7953374530 8837082811 9720791092 10604499373
Case #21: 1 9267595563617 18535191127233 27802786690849 37070382254465 46337977818081 55605573381697 64873168945313 74140764508929 83408360072545 92675955636161 101943551199777 111211146763393 120478742327009 129746337890625
Case #22: 1 5628851294 11257702587 16886553880 22515405173 28144256466 33773107759 39401959052 45030810345 50659661638 56288512931 61917364224
Case #23: 1
Case #24: 1 599846 1199691 1799536 2399381 2999226 3599071 4198916 4798761 5398606 5998451 6598296 7198141 7797986 8397831 8997676 9597521 10197366 10797211 11397056 11996901 12596746 13196591 13796436 14396281 14996126 15595971 16195816 16795661 17395506 17995351 18595196 19195041 19794886 20394731 20994576 21594421 22194266 22794111 23393956 23993801 24593646 25193491 25793336 26393181 26993026 27592871 28192716 28792561 29392406 29992251 30592096 31191941 31791786 32391631 32991476 33591321 34191166 34791011 35390856 35990701 36590546 37190391 37790236 38390081 38989926 39589771 40189616 40789461 41389306 41989151 42588996 43188841 43788686 44388531 44988376 45588221 46188066 46787911 47387756 47987601 48587446 49187291 49787136
Case #25: 1
Case #26: 1 1484 2967 4450 5933 7416 8899 10382 11865 13348 14831 16314 17797 19280 20763 22246 23729 25212 26695 28178 29661 31144 32627 34110 35593 37076 38559 40042 41525 43008 44491 45974 47457 48940 50423 51906 53389 54872
Case #27: 1 31278135027204242 62556270054408483 93834405081612724 125112540108816965 156390675136021206 187668810163225447 218946945190429688 250225080217633929 281503215244838170 312781350272042411 344059485299246652 375337620326450893 406615755353655134 437893890380859375
Case #28: 1 21435889 42871777 64307665 85743553 107179441 128615329 150051217 171487105 192922993 214358881
Case #29: 1 732376025552522 1464752051105043 2197128076657564 2929504102210085 3661880127762606 4394256153315127 5126632178867648 5859008204420169 6591384229972690 7323760255525211 8056136281077732 8788512306630253 9520888332182774 10253264357735295 10985640383287816 11718016408840337 12450392434392858 13182768459945379 13915144485497900 14647520511050421 15379896536602942 16112272562155463 16844648587707984 17577024613260505 18309400638813026 19041776664365547 19774152689918068 20506528715470589 21238904741023110 21971280766575631 22703656792128152 23436032817680673 24168408843233194 24900784868785715 25633160894338236 26365536919890757 27097912945443278 27830288970995799 28562664996548320 29295041022100841 30027417047653362 30759793073205883 31492169098758404 32224545124310925 32956921149863446 33689297175415967 34421673200968488 35154049226521009 35886425252073530 36618801277626051 37351177303178572 38083553328731093 38815929354283614 39548305379836135 40280681405388656 41013057430941177 41745433456493698 42477809482046219 43210185507598740 43942561533151261 44674937558703782 45407313584256303 46139689609808824 46872065635361345 47604441660913866 48336817686466387 49069193712018908 49801569737571429 50533945763123950 51266321788676471 51998697814228992
Case #30: 1 1010102 2020203 3030304 4040405 5050506 6060607 7070708 8080809 9090910 10101011 11111112 12121213 13131314 14141415 15151516 16161617 17171718 18181819 19191920 20202021 21212122 22222223 23232324 24242425 25252526 26262627 27272728 28282829 29292930 30303031 31313132 32323233 33333334 34343435 35353536 36363637 37373738 38383839 39393940 40404041 41414142 42424243 43434344 44444445 45454546 46464647 47474748 48484849 49494950 50505051 51515152 52525253 53535354 54545455 55555556 56565657 57575758 58585859 59595960 60606061 61616162 62626263 63636364 64646465 65656566 66666667 67676768 68686869 69696970 70707071 71717172 72727273 73737374 74747475 75757576 76767677 77777778 78787879 79797980 80808081 81818182 82828283 83838384 84848485 85858586 86868687 87878788 88888889 89898990 90909091 91919192 92929293 93939394 94949495 95959596 96969697 97979798 98989899 100000000
Case #31: 1 15672832820 31345665639 47018498458 62691331277 78364164096
Case #32: 1 10101010101010102 20202020202020203 30303030303030304 40404040404040405 50505050505050506 60606060606060607 70707070707070708 80808080808080809 90909090909090910 101010101010101011 111111111111111112 121212121212121213 131313131313131314 141414141414141415 151515151515151516 161616161616161617 171717171717171718 181818181818181819 191919191919191920 202020202020202021 212121212121212122 222222222222222223 232323232323232324 242424242424242425 252525252525252526 262626262626262627 272727272727272728 282828282828282829 292929292929292930 303030303030303031 313131313131313132 323232323232323233 333333333333333334 343434343434343435 353535353535353536 363636363636363637 373737373737373738 383838383838383839 393939393939393940 404040404040404041 414141414141414142 424242424242424243 434343434343434344 444444444444444445 454545454545454546 464646464646464647 474747474747474748 484848484848484849 494949494949494950 505050505050505051 515151515151515152 525252525252525253 535353535353535354 545454545454545455 555555555555555556 565656565656565657 575757575757575758 585858585858585859 595959595959595960 606060606060606061 616161616161616162 626262626262626263 636363636363636364 646464646464646465 656565656565656566 666666666666666667 676767676767676768 686868686868686869 696969696969696970 707070707070707071 717171717171717172 727272727272727273 737373737373737374 747474747474747475 757575757575757576 767676767676767677 777777777777777778 787878787878787879 797979797979797980 808080808080808081 818181818181818182 828282828282828283 838383838383838384 848484848484848485 858585858585858586 868686868686868687 878787878787878788 888888888888888889 898989898989898990 909090909090909091 919191919191919192 929292929292929293 939393939393939394 949494949494949495 959595959595959596 969696969696969697 979797979797979798 989898989898989899 1000000000000000000
Case #33: 1 21846 43691 65536
Case #34: 1 18129542 36259083 54388624 72518165 90647706 108777247 126906788 145036329 163165870 181295411 199424952 217554493 235684034 253813575 271943116 290072657 308202198 326331739 344461280 362590821 380720362 398849903 416979444 435108985 453238526 471368067 489497608 507627149 525756690 543886231 562015772 580145313 598274854 616404395 634533936 652663477 670793018 688922559 707052100 725181641 743311182 761440723 779570264 797699805 815829346 833958887 852088428 870217969 888347510 906477051 924606592 942736133 960865674 978995215 997124756 1015254297 1033383838 1051513379 1069642920 1087772461 1105902002 1124031543 1142161084 1160290625
Case #35: 1 2 3 4 5 6 7 8 9 10 11 12 13 14 15 16 17 18 19 20 21 22 23 24 25 26 27 28 29 30 31 32 33 34 35 36 37 38 39 40 41 42
Case #36: 1 11112 22223 33334 44445 55556 66667 77778 88889 100000
Case #37: 1
Case #38: 1 20493114725980 40986229451959 61479344177938 81972458903917 102465573629896 122958688355875 143451803081854 163944917807833 184438032533812 204931147259791 225424261985770 245917376711749 266410491437728 286903606163707 307396720889686 327889835615665 348382950341644 368876065067623 389369179793602 409862294519581 430355409245560 450848523971539 471341638697518 491834753423497 512327868149476 532820982875455 553314097601434 573807212327413 594300327053392 614793441779371 635286556505350 655779671231329 676272785957308 696765900683287 717259015409266 737752130135245 758245244861224 778738359587203 799231474313182 819724589039161 840217703765140 860710818491119 881203933217098 901697047943077 922190162669056
Case #39: 1 445502494044 891004988087 1336507482130 1782009976173 2227512470216 2673014964259 3118517458302 3564019952345 4009522446388 4455024940431 4900527434474 5346029928517 5791532422560 6237034916603 6682537410646 7128039904689 7573542398732 8019044892775 8464547386818 8910049880861 9355552374904 9801054868947 10246557362990 10692059857033 11137562351076 11583064845119 12028567339162 12474069833205 12919572327248 13365074821291 13810577315334 14256079809377 14701582303420 15147084797463 15592587291506 16038089785549 16483592279592 16929094773635 17374597267678 17820099761721 18265602255764 18711104749807 19156607243850 19602109737893 20047612231936
Case #40: 1 4193822 8387643 12581464 16775285 20969106 25162927 29356748 33550569 37744390 41938211 46132032 50325853 54519674 58713495 62907316 67101137 71294958 75488779 79682600 83876421 88070242 92264063 96457884 100651705 104845526 109039347 113233168 117426989 121620810 125814631 130008452 134202273 138396094 142589915 146783736 150977557 155171378 159365199 163559020 167752841 171946662 176140483 180334304 184528125
Case #41: 1
Case #42: 1 27932 55863 83794 111725 139656 167587 195518 223449 251380 279311 307242 335173 363104 391035 418966 446897 474828 502759 530690 558621 586552 614483 642414 670345 698276 726207 754138 782069 810000
Case #43: 1 2 3 4 5 6 7 8 9 10 11 12 13 14 15 16 17 18 19 20 21 22 23 24 25 26 27 28 29 30 31 32 33 34 35 36 37 38 39 40 41 42 43 44 45 46 47 48 49 50 51 52 53 54 55 56 57 58 59 60 61 62 63 64 65 66 67 68 69 70 71 72 73 74 75 76 77 78 79 80 81 82 83 84 85 86 87 88 89 90 91 92 93 94 95 96 97 98 99 100
Case #44: 1 168041025642 336082051283 504123076924 672164102565 840205128206 1008246153847 1176287179488 1344328205129 1512369230770 1680410256411 1848451282052 2016492307693 2184533333334 2352574358975 2520615384616 2688656410257 2856697435898 3024738461539 3192779487180 3360820512821 3528861538462 3696902564103 3864943589744 4032984615385 4201025641026 4369066666667 4537107692308 4705148717949 4873189743590 5041230769231 5209271794872 5377312820513 5545353846154 5713394871795 5881435897436 6049476923077 6217517948718 6385558974359 6553600000000
Case #45: 1 365579692520000 731159385039999 1096739077559998 1462318770079997 1827898462599996 2193478155119995 2559057847639994 2924637540159993 3290217232679992 3655796925199991 4021376617719990 4386956310239989 4752536002759988 5118115695279987 5483695387799986 5849275080319985 6214854772839984 6580434465359983 6946014157879982 7311593850399981 7677173542919980 8042753235439979 8408332927959978 8773912620479977 9139492312999976 9505072005519975 9870651698039974 10236231390559973 10601811083079972 10967390775599971 11332970468119970 11698550160639969 12064129853159968 12429709545679967 12795289238199966 13160868930719965 13526448623239964 13892028315759963 14257608008279962 14623187700799961 14988767393319960 15354347085839959 15719926778359958 16085506470879957 16451086163399956 16816665855919955 17182245548439954 17547825240959953 17913404933479952 18278984625999951 18644564318519950 19010144011039949 19375723703559948 19741303396079947 20106883088599946 20472462781119945 20838042473639944 21203622166159943 21569201858679942 21934781551199941 22300361243719940 22665940936239939 23031520628759938 23397100321279937 23762680013799936
Case #46: 1 225141952945498754 450283905890997507
Case #47: 1
Case #48: 1 16
Case #49: 1 3812798742494 7625597484987
Case #50: 1 6725602 13451203 20176804 26902405 33628006 40353607
Case #51: 1 6704780954517122 13409561909034243 20114342863551364 26819123818068485 33523904772585606 40228685727102727 46933466681619848 53638247636136969 60343028590654090 67047809545171211 73752590499688332 80457371454205453 87162152408722574 93866933363239695 100571714317756816 107276495272273937 113981276226791058 120686057181308179 127390838135825300 134095619090342421 140800400044859542 147505180999376663 154209961953893784 160914742908410905 167619523862928026 174324304817445147 181029085771962268 187733866726479389 194438647680996510 201143428635513631 207848209590030752 214552990544547873 221257771499064994 227962552453582115 234667333408099236 241372114362616357 248076895317133478 254781676271650599 261486457226167720 268191238180684841 274896019135201962 281600800089719083 288305581044236204 295010361998753325 301715142953270446 308419923907787567 315124704862304688 321829485816821809 328534266771338930 335239047725856051 341943828680373172 348648609634890293 355353390589407414 362058171543924535 368762952498441656 375467733452958777 382172514407475898 388877295361993019 395582076316510140 402286857271027261 408991638225544382 415696419180061503 422401200134578624 429105981089095745 435810762043612866 442515542998129987 449220323952647108 455925104907164229 462629885861681350 469334666816198471 476039447770715592 482744228725232713 489449009679749834 496153790634266955 502858571588784076 509563352543301197 516268133497818318 522972914452335439 529677695406852560 536382476361369681 543087257315886802 549792038270403923 556496819224921044 563201600179438165 569906381133955286 576611162088472407 583315943042989528 590020723997506649 596725504952023770 603430285906540891 610135066861058012 616839847815575133 623544628770092254 630249409724609375
Case #52: 1 2 3 4 5 6 7 8 9 10 11 12 13 14 15
Case #53: 1 26324340768453426 52648681536906851 78973022305360276 105297363073813701 131621703842267126
Case #54: 1 230765 461529 692293 923057 1153821 1384585 1615349 1846113 2076877 2307641 2538405 2769169 2999933 3230697 3461461 3692225 3922989 4153753 4384517 4615281 4846045 5076809 5307573 5538337 5769101 5999865 6230629 6461393 6692157 6922921 7153685 7384449 7615213 7845977 8076741 8307505 8538269 8769033 8999797 9230561 9461325 9692089 9922853 10153617 10384381 10615145 10845909 11076673 11307437 11538201 11768965 11999729 12230493 12461257 12692021 12922785 13153549 13384313 13615077 13845841
Case #55: 1
Case #56: 1 70576641626497 141153283252993 211729924879489 282306566505985 352883208132481 423459849758977 494036491385473 564613133011969 635189774638465 705766416264961 776343057891457 846919699517953 917496341144449 988072982770945 1058649624397441 1129226266023937 1199802907650433 1270379549276929 1340956190903425 1411532832529921 1482109474156417 1552686115782913 1623262757409409 1693839399035905 1764416040662401 1834992682288897 1905569323915393 1976145965541889 2046722607168385 2117299248794881 2187875890421377 2258452532047873 2329029173674369 2399605815300865 2470182456927361 2540759098553857 2611335740180353 2681912381806849 2752489023433345 2823065665059841 2893642306686337 2964218948312833 3034795589939329 3105372231565825 3175948873192321 3246525514818817 3317102156445313 3387678798071809 3458255439698305 3528832081324801 3599408722951297 3669985364577793 3740562006204289 3811138647830785 3881715289457281 3952291931083777 4022868572710273 4093445214336769 4164021855963265 4234598497589761 4305175139216257 4375751780842753 4446328422469249 4516905064095745 4587481705722241 4658058347348737 4728634988975233 4799211630601729 4869788272228225 4940364913854721 5010941555481217 5081518197107713 5152094838734209 5222671480360705 5293248121987201 5363824763613697 5434401405240193 5504978046866689 5575554688493185 5646131330119681 5716707971746177 5787284613372673 5857861254999169 5928437896625665 5999014538252161 6069591179878657 6140167821505153 6210744463131649 6281321104758145 6351897746384641 6422474388011137 6493051029637633 6563627671264129 6634204312890625
Case #57: 1 2 3 4 5 6 7 8 9 10 11 12 13 14 15 16 17 18 19 20 21 22 23 24 25 26 27 28 29 30 31 32 33 34 35 36 37 38 39 40 41 42 43 44 45 46 47 48 49 50 51 52 53 54 55 56 57 58 59 60 61 62 63 64 65 66 67 68 69 70 71 72 73 74 75 76 77 78 79 80 81 82 83 84 85 86 87 88 89 90 91 92 93 94 95 96 97 98 99
Case #58: 1 1465 2929 4393 5857 7321 8785 10249 11713 13177 14641
Case #59: 1 86 171 256
Case #60: 1 6808 13615 20422 27229 34036 40843 47650 54457 61264 68071 74878 81685 88492 95299 102106 108913 115720 122527 129334 136141 142948 149755 156562 163369 170176 176983 183790 190597 197404 204211 211018 217825 224632 231439 238246 245053 251860 258667 265474 272281 279088 285895 292702 299509 306316 313123 319930 326737 333544 340351 347158 353965 360772 367579 374386 381193 388000 394807 401614 408421 415228 422035 428842 435649 442456 449263 456070 462877 469684 476491 483298 490105 496912 503719 510526 517333 524140 530947 537754 544561 551368
Case #61: 1 102 203 304 405 506 607 708 809 910 1011 1112 1213 1314 1415 1516 1617 1718 1819 1920 2021 2122 2223 2324 2425 2526 2627 2728 2829 2930 3031 3132 3233 3334 3435 3536 3637 3738 3839 3940 4041 4142 4243 4344 4445 4546 4647 4748 4849 4950 5051 5152 5253 5354 5455 5556 5657 5758 5859 5960 6061 6162 6263 6364 6465 6566 6667 6768 6869 6970 7071 7172 7273 7374 7475 7576 7677 7778 7879 7980 8081 8182 8283 8384 8485 8586 8687 8788 8889 8990 9091 9192 9293 9394 9495 9596 9697 9798 9899 10000
Case #62: 1
Case #63: 1 234330769 468661537 702992305 937323073 1171653841 1405984609 1640315377 1874646145 2108976913 2343307681 2577638449 2811969217 3046299985 3280630753 3514961521 3749292289 3983623057 4217953825 4452284593 4686615361 4920946129 5155276897 5389607665 5623938433 5858269201 6092599969 6326930737 6561261505 6795592273 7029923041 7264253809 7498584577 7732915345 7967246113 8201576881 8435907649 8670238417 8904569185 9138899953 9373230721 9607561489 9841892257 10076223025 10310553793 10544884561 10779215329
Case #64: 1 221919451578092 443838903156183 665758354734274 887677806312365 1109597257890456 1331516709468547 1553436161046638 1775355612624729 1997275064202820 2219194515780911 2441113967359002 2663033418937093 2884952870515184 3106872322093275 3328791773671366 3550711225249457 3772630676827548 3994550128405639 4216469579983730 4438389031561821 4660308483139912 4882227934718003 5104147386296094 5326066837874185 5547986289452276 5769905741030367 5991825192608458 6213744644186549 6435664095764640 6657583547342731 6879502998920822 7101422450498913 7323341902077004 7545261353655095 7767180805233186 7989100256811277 8211019708389368 8432939159967459 8654858611545550 8876778063123641 9098697514701732 9320616966279823 9542536417857914 9764455869436005 9986375321014096 10208294772592187 10430214224170278 10652133675748369 10874053127326460 11095972578904551 11317892030482642 11539811482060733 11761730933638824 11983650385216915 12205569836795006 12427489288373097 12649408739951188 12871328191529279 13093247643107370 13315167094685461 13537086546263552
Case #65: 1 17847790 35695579 53543368 71391157 89238946 107086735 124934524 142782313 160630102 178477891 196325680 214173469 232021258 249869047 267716836 285564625 303412414 321260203 339107992 356955781 374803570 392651359 410499148 428346937 446194726 464042515 481890304
Case #66: 1 417724816941566 835449633883131 1253174450824696 1670899267766261 2088624084707826 2506348901649391 2924073718590956 3341798535532521 3759523352474086 4177248169415651
Case #67: 1 329554458 659108915 988663372 1318217829 1647772286 1977326743
Case #68: 1 8108732 16217463 24326194 32434925 40543656 48652387 56761118 64869849 72978580 81087311 89196042 97304773 105413504
Case #69: 1 22 43 64
Case #70: 1 59 117 175 233 291 349 407 465 523 581 639 697 755 813 871 929 987 1045 1103 1161 1219 1277 1335 1393 1451 1509 1567 1625 1683 1741 1799 1857 1915 1973 2031 2089 2147 2205 2263 2321 2379 2437 2495 2553 2611 2669 2727 2785 2843 2901 2959 3017 3075 3133 3191 3249
Case #71: 1 10 19 28 37 46 55 64
Case #72: 1 797162 1594323
Case #73: 1 17496788319767528 34993576639535055 52490364959302582 69987153279070109 87483941598837636 104980729918605163 122477518238372690 139974306558140217 157471094877907744 174967883197675271 192464671517442798 209961459837210325 227458248156977852 244955036476745379 262451824796512906 279948613116280433 297445401436047960 314942189755815487 332438978075583014 349935766395350541 367432554715118068 384929343034885595 402426131354653122 419922919674420649 437419707994188176 454916496313955703 472413284633723230 489910072953490757 507406861273258284 524903649593025811 542400437912793338 559897226232560865 577394014552328392 594890802872095919 612387591191863446 629884379511630973 647381167831398500 664877956151166027 682374744470933554 699871532790701081 717368321110468608
Case #74: 1 111111111111111122 222222222222222243 333333333333333364 444444444444444485 555555555555555606 666666666666666727 777777777777777848 888888888888888969 1000000000000000090
Case #75: 1 2573485501354570 5146971002709139 7720456504063708 10293942005418277 12867427506772846 15440913008127415 18014398509481984
Case #76: 1 21236982278482 42473964556963 63710946835444 84947929113925 106184911392406 127421893670887 148658875949368 169895858227849 191132840506330 212369822784811 233606805063292 254843787341773 276080769620254 297317751898735 318554734177216 339791716455697 361028698734178 382265681012659 403502663291140 424739645569621 445976627848102 467213610126583 488450592405064 509687574683545 530924556962026 552161539240507 573398521518988 594635503797469 615872486075950 637109468354431 658346450632912 679583432911393 700820415189874 722057397468355 743294379746836 764531362025317 785768344303798 807005326582279 828242308860760 849479291139241 870716273417722 891953255696203 913190237974684 934427220253165 955664202531646 976901184810127 998138167088608 1019375149367089 1040612131645570 1061849113924051 1083086096202532 1104323078481013 1125560060759494 1146797043037975 1168034025316456 1189271007594937 1210507989873418 1231744972151899 1252981954430380 1274218936708861 1295455918987342 1316692901265823 1337929883544304 1359166865822785 1380403848101266 1401640830379747 1422877812658228 1444114794936709 1465351777215190 1486588759493671 1507825741772152 1529062724050633 1550299706329114 1571536688607595 1592773670886076 1614010653164557 1635247635443038 1656484617721519 1677721600000000
Case #77: 1 87 173 259 345 431 517 603 689 775 861 947 1033 1119 1205 1291 1377 1463 1549 1635 1721 1807 1893 1979 2065 2151 2237 2323 2409 2495 2581 2667 2753 2839 2925 3011 3097 3183 3269 3355 3441 3527 3613 3699 3785 3871 3957 4043 4129 4215 4301 4387 4473 4559 4645 4731 4817 4903 4989 5075 5161 5247 5333 5419 5505 5591 5677 5763 5849 5935 6021 6107 6193 6279 6365 6451 6537 6623 6709 6795 6881 6967 7053 7139 7225
Case #78: 1 2508623476276262 5017246952552523 7525870428828784 10034493905105045 12543117381381306 15051740857657567 17560364333933828 20068987810210089 22577611286486350 25086234762762611 27594858239038872 30103481715315133 32612105191591394 35120728667867655 37629352144143916 40137975620420177 42646599096696438 45155222572972699 47663846049248960 50172469525525221 52681093001801482 55189716478077743 57698339954354004 60206963430630265 62715586906906526 65224210383182787 67732833859459048 70241457335735309 72750080812011570 75258704288287831 77767327764564092 80275951240840353 82784574717116614 85293198193392875 87801821669669136 90310445145945397 92819068622221658 95327692098497919 97836315574774180 100344939051050441 102853562527326702 105362186003602963 107870809479879224 110379432956155485 112888056432431746 115396679908708007 117905303384984268 120413926861260529 122922550337536790 125431173813813051 127939797290089312 130448420766365573 132957044242641834 135465667718918095 137974291195194356 140482914671470617 142991538147746878 145500161624023139 148008785100299400 150517408576575661 153026032052851922 155534655529128183 158043279005404444 160551902481680705 163060525957956966 165569149434233227 168077772910509488 170586396386785749 173095019863062010 175603643339338271 178112266815614532 180620890291890793 183129513768167054 185638137244443315 188146760720719576 190655384196995837 193164007673272098 195672631149548359 198181254625824620 200689878102100881 203198501578377142 205707125054653403 208215748530929664
Case #79: 1 2141993519228 4283987038455 6425980557682 8567974076909 10709967596136 12851961115363 14993954634590 17135948153817 19277941673044 21419935192271 23561928711498 25703922230725 27845915749952 29987909269179 32129902788406 34271896307633
Case #80: 1 214221212768201 428442425536401 642663638304601 856884851072801 1071106063841001 1285327276609201 1499548489377401 1713769702145601 1927990914913801 2142212127682001 2356433340450201 2570654553218401 2784875765986601 2999096978754801 3213318191523001 3427539404291201 3641760617059401 3855981829827601 4070203042595801 4284424255364001 4498645468132201 4712866680900401 4927087893668601 5141309106436801 5355530319205001 5569751531973201 5783972744741401 5998193957509601 6212415170277801 6426636383046001 6640857595814201 6855078808582401 7069300021350601 7283521234118801 7497742446887001 7711963659655201 7926184872423401 8140406085191601
Case #81: 1 14 27
Case #82: 1 96076792050570578 192153584101141155 288230376151711732
Case #83: 1 55 109 163 217 271 325 379 433 487 541 595 649 703 757 811 865 919 973 1027 1081 1135 1189 1243 1297 1351 1405 1459 1513 1567 1621 1675 1729 1783 1837 1891 1945 1999 2053 2107 2161 2215 2269 2323 2377 2431 2485 2539 2593 2647 2701 2755 2809
Case #84: 1 7417954636 14835909271 22253863906 29671818541 37089773176 44507727811 51925682446 59343637081 66761591716 74179546351 81597500986 89015455621 96433410256 103851364891 111269319526 118687274161 126105228796 133523183431 140941138066 148359092701 155777047336 163195001971 170612956606 178030911241 185448865876 192866820511 200284775146 207702729781 215120684416 222538639051 229956593686 237374548321 244792502956 252210457591 259628412226 267046366861 274464321496 281882276131 289300230766 296718185401 304136140036 311554094671 318972049306 326390003941 333807958576 341225913211 348643867846 356061822481 363479777116 370897731751 378315686386 385733641021 393151595656 400569550291 407987504926 415405459561 422823414196 430241368831 437659323466 445077278101 452495232736 459913187371 467331142006 474749096641 482167051276 489585005911 497002960546 504420915181 511838869816 519256824451 526674779086 534092733721 541510688356 548928642991 556346597626 563764552261 571182506896 578600461531 586018416166 593436370801 600854325436 608272280071 615690234706 623108189341 630526143976 637944098611 645362053246 652780007881 660197962516 667615917151 675033871786 682451826421 689869781056
Case #85: 1 3187592 6375183 9562774 12750365 15937956 19125547 22313138 25500729 28688320 31875911 35063502 38251093 41438684 44626275 47813866 51001457 54189048 57376639 60564230 63751821 66939412 70127003 73314594 76502185 79689776 82877367 86064958 89252549 92440140 95627731 98815322 102002913 105190504 108378095 111565686 114753277 117940868 121128459 124316050 127503641 130691232
Case #86: 1 266306 532611 798916 1065221 1331526 1597831 1864136 2130441 2396746 2663051 2929356 3195661 3461966 3728271 3994576 4260881 4527186 4793491 5059796 5326101 5592406 5858711 6125016 6391321 6657626 6923931 7190236 7456541 7722846 7989151 8255456 8521761 8788066 9054371 9320676 9586981 9853286 10119591 10385896 10652201 10918506 11184811 11451116 11717421 11983726 12250031 12516336 12782641 13048946 13315251 13581556 13847861 14114166 14380471 14646776 14913081 15179386 15445691 15711996 15978301 16244606 16510911 16777216
Case #87: 1 85 169 253 337 421 505 589 673 757 841 925 1009 1093 1177 1261 1345 1429 1513 1597 1681 1765 1849 1933 2017 2101 2185 2269 2353 2437 2521 2605 2689 2773 2857 2941 3025 3109 3193 3277 3361 3445 3529 3613 3697 3781 3865 3949 4033 4117 4201 4285 4369 4453 4537 4621 4705 4789 4873 4957 5041 5125 5209 5293 5377 5461 5545 5629 5713 5797 5881 5965 6049 6133 6217 6301 6385 6469 6553 6637 6721 6805 6889
Case #88: 1 6 11 16
Case #89: 1 17948213558 35896427115 53844640672 71792854229 89741067786 107689281343 125637494900 143585708457 161533922014 179482135571 197430349128 215378562685 233326776242 251274989799 269223203356 287171416913 305119630470 323067844027 341016057584 358964271141 376912484698 394860698255 412808911812 430757125369 448705338926 466653552483 484601766040 502549979597 520498193154 538446406711 556394620268 574342833825 592291047382 610239260939 628187474496 646135688053 664083901610 682032115167 699980328724 717928542281 735876755838 753824969395 771773182952 789721396509 807669610066 825617823623 843566037180 861514250737 879462464294 897410677851
Case #90: 1
Case #91: 1 2 3 4
Case #92: 1
Case #93: 1 133878824 267757647 401636470 535515293 669394116 803272939 937151762 1071030585 1204909408 1338788231 1472667054 1606545877 1740424700 1874303523 2008182346 2142061169 2275939992 2409818815 2543697638 2677576461 2811455284 2945334107 3079212930 3213091753 3346970576 3480849399 3614728222 3748607045 3882485868 4016364691 4150243514 4284122337 4418001160 4551879983 4685758806 4819637629 4953516452 5087395275 5221274098 5355152921 5489031744
Case #94: 1 122961939948121 245923879896241 368885819844361 491847759792481 614809699740601 737771639688721 860733579636841 983695519584961 1106657459533081 1229619399481201 1352581339429321 1475543279377441 1598505219325561 1721467159273681 1844429099221801 1967391039169921 2090352979118041 2213314919066161
Case #95: 1 2 3 4 5 6 7 8 9 10 11 12 13 14 15 16 17 18 19 20 21 22 23 24 25 26 27 28 29 30 31 32 33 34 35 36 37 38 39 40 41 42 43 44 45 46 47 48 49 50 51 52 53 54 55 56 57 58 59 60 61 62 63 64 65 66 67 68 69 70 71 72 73 74 75 76 77 78 79 80 81 82 83 84 85 86 87 88 89 90
Case #96: 1 11488207655 22976415309 34464622963 45952830617 57441038271 68929245925 80417453579 91905661233 103393868887 114882076541 126370284195 137858491849
Case #97: 1 27824681019588 55649362039175 83474043058762 111298724078349 139123405097936 166948086117523 194772767137110 222597448156697 250422129176284 278246810195871 306071491215458 333896172235045 361720853254632 389545534274219 417370215293806 445194896313393 473019577332980 500844258352567 528668939372154 556493620391741 584318301411328
Case #98: 1 3908 7815 11722 15629 19536 23443 27350 31257 35164 39071 42978 46885 50792 54699 58606 62513 66420 70327 74234 78141 82048 85955 89862 93769 97676 101583 105490 109397 113304 117211 121118 125025 128932 132839 136746 140653 144560 148467 152374 156281 160188 164095 168002 171909 175816 179723 183630 187537 191444 195351 199258 203165 207072 210979 214886 218793 222700 226607 230514 234421 238328
Case #99: 1 2 3
Case #100: 1
